7101
7110
7111
7121
7130
7133
7139
7141
7143
7153
7161
7163
7171
7250
7251
7255
7256
7257
7259
7261
7868
7869
7871
7872
7873
7874
7876
7877
7879
7912
7913
7914
7921
7922
7923
7924
7925
7926
7927
7928
7929
7930
7931
7952
7953
7954
7955
9492
9493
9494
9495
9496
9497
9499
9500
9515
9516
9525
9526
10001
10020
10022
10025
10027
10123
10129
10131
10133
10134
10140
10144
10153
10156
10158
10164
10166
10168
10169
10173
10174
10175
10178
10182
10183
10184
10185
10186
10188
10190
10193
10194
10195
10196
10197
10198
10199
10200
10205
10206
10211
10212
10214
10215
10216
10218
10219
10220
10221
10222
10224
10225
10227
10228
10229
10230
10232
10235
10236
10237
10238
10240
10242
10243
10245
10246
10247
10248
10249
10251
10252
10253
10254
10255
10256
10257
10258
10259
10260
10261
10262
10263
10264
10265
10266
10267
10268
10269
10270
10271
10272
10273
10274
10276
10277
10278
10279
10280
10281
10283
10284
10285
10286
10289
10290
10291
10292
10293
10294
10296
10297
10298
10299
10301
10303
10304
10306
10308
10309
10311
10312
10326
10333
10334
10336
10337
10338
10339
10340
10341
10342
10343
10344
10345
10346
10347
10348
10349
10350
10351
10362
10363
10364
10365
10366
10367
10368
10369
10370
10371
21002
21003
21004
21005
21006
21007
21008
21009
21010
21011
21012
21013
21014
21015
21016
21017
21018
21019
21020
21021
21022
21023
21024
21025
21026
21027
21028
21029
21030
21031
21032
21033
21034
21035
21036
21037
21038
21039
21040
21041
21042
21045
21054
21055
21064
21065
21069
21070
21071
21108
21303
21304
21305
21306
21307
21309
21310
21311
21312
21313
21314
21315
21316
21317
21318
21319
21321
21322
21323
21325
21326
21330
21332
21333
21335
21352
21353
21354
21355
21356
21357
21358
21362
21363
21364
21365
21366
21367
21368
21369
21370
30682
31100
31101
31109
31120
31128
31129
31130
31131
31132
31133
31134
31135
31136
31137
31138
31139
31140
31141
31142
31143
31144
31145
31146
31147
31201
31202
31208
31209
31212
31213
40376
40417
40455
40516
40530
40632
41000
41001
41002
41003
41004
41005
41006
41007
41008
41009
41010
41011
41012
41013
41014
41015
41016
41017
41018
41019
41020
41021
41022
41023
41024
41025
41026
41027
41028
41029
41030
41031
41032
41033
41034
41035
41036
41037
41038
41039
41040
41041
41042
41043
41044
41045
41046
41047
41048
41049
41050
41051
41052
41053
41054
41055
41056
41057
41058
41059
41060
41061
41062
41063
41064
41065
41066
41067
41068
41069
41070
41071
41072
41073
41074
41075
41076
41077
41078
41079
41080
41081
41082
41083
41084
41085
41086
41087
41088
41089
41090
41091
41092
41093
41094
41095
41096
41097
41098
41099
41100
41101
41102
41103
41104
41105
41106
41107
41108
41109
41110
41111
41112
41113
41114
41115
41116
41117
41118
41119
41120
41121
41122
41123
41124
41125
41126
41127
41128
41129
41130
41131
41132
41133
41134
41135
41136
41137
41138
41139
41140
41141
41142
41143
41144
41145
41146
41147
41148
41149
41150
41151
41152
41153
41154
41155
41156
41157
41158
41159
41160
41161
41162
41163
41164
41165
41166
41167
41168
41169
41170
41171
41172
41173
41174
41175
41176
41177
41178
41179
41180
41181
41182
41183
41184
41185
41186
41187
41188
41189
41190
41191
41192
41193
41194
41195
41196
41197
41198
41199
41200
41201
41202
41203
41204
41205
41206
41207
41208
41209
41210
41211
41212
41213
41214
41215
41216
41217
41218
41219
41220
41221
41222
41223
41224
41225
41226
41227
41228
41229
41230
41231
41232
41233
41234
41235
41236
41237
41238
41239
41240
41241
41242
41243
41244
41245
41246
41247
41248
41249
41250
41251
41252
41253
41254
41255
41256
41257
41258
41259
41260
41261
41262
41263
41264
41265
41266
41267
41268
41269
41270
41271
41272
41273
41274
41275
41276
41277
41278
41279
41280
41281
41282
41283
41284
41285
41286
41287
41288
41289
41290
41291
41292
41293
41294
41295
41296
41297
41298
41299
41300
41301
41302
41303
41304
41305
41450
41454
41456
41458
41464
41467
41469
41475
41478
41485
41493
41503
41529
41805
41806
41807
41808
41816
41819
41825
41826
41827
41828
42056
42099
42110
42114
42115
42125
42126
42129
42130
42131
42141
42143
42151
42171
42182
42183
42184
42185
42186
42187
42188
42189
42190
42196
42197
42198
42199
42200
42201
42202
42203
42204
42205
43172
43173
43175
43177
43180
43181
43182
43183
43184
43185
43186
43250
43251
43254
43255
43256
43257
43258
43263
43264
43265
60197
60198
60222
60233
60234
60268
60272
60290
60308
60314
60316
60317
60319
60320
60321
60326
60330
60335
60336
60337
60341
60346
60347
60348
60349
60350
60351
60353
60354
60355
60356
60357
60358
60359
60360
60362
60363
60364
60365
60366
60368
60369
60370
60371
60372
60373
60374
60375
60376
60377
60378
60379
60380
60382
60383
60384
60388
60390
60399
60421
60422
60423
70620
70657
70810
70816
70840
70843
71023
71360
71364
71365
71366
71370
71371
71372
71373
71374
71395
71741
71816
71819
71822
71825
71826
71827
71828
71829
71833
71834
75001
75002
75003
75004
75005
75006
75007
75008
75009
75010
75011
75012
75013
75014
75015
75016
75017
75018
75019
75020
75021
75022
75023
75024
75025
75026
75027
75028
75029
75030
75031
75032
75033
75034
75035
75036
75037
75038
75039
75040
75041
75042
75043
75044
75045
75046
75047
75048
75049
75050
75051
75052
75053
75054
75055
75056
75057
75058
75059
75060
75065
75066
75067
75068
75069
75070
75071
75072
75073
75074
75075
75076
75077
75078
75079
75080
75081
75082
75083
75084
75085
75086
75087
75088
75089
75090
75091
75092
75093
75094
75095
75096
75097
75098
75100
75101
75102
75103
75104
75105
75106
75107
75108
75109
75110
75111
75112
75113
75114
75115
75116
75117
75118
75119
75120
75121
75122
75123
75124
75125
75126
75127
75128
75129
75130
75131
75132
75133
75134
75135
75136
75137
75138
75139
75140
75141
75142
75143
75144
75145
75146
75147
75148
75149
75150
75151
75152
75153
75154
75155
75156
75157
75158
75159
75160
75161
75162
75163
75164
75165
75166
75167
75191
75192
75216
75219
75221
75222
75240
75243
75252
75257
75258
75261
75273
75274
75275
75276
75277
75300
75302
75304
75306
75308
75309
75313
75327
75331
75341
75355
75357
75358
75367
75379
75380
75383
75384
75385
75386
75387
75388
75389
75390
75391
75392
75393
75394
75395
75396
75397
75398
75399
75400
75401
75402
75403
75404
75405
75406
75407
75408
75409
75410
75411
75412
75413
75414
75415
75416
75417
75418
75419
75420
75421
75422
75423
75424
75425
75426
75441
75442
75443
75444
75445
75446
75447
75448
75449
75450
75810
75827
75828
75869
75870
75871
75872
75873
75874
75875
75876
75877
75878
75879
75880
75881
75882
75883
75884
75885
75886
75887
75888
75889
75890
75891
75892
75893
75894
75895
75896
75898
75905
75906
75907
75908
75909
75964
75965
75966
75967
75968
75970
75971
75972
75973
75974
75975
75976
76000
76001
76002
76003
76004
76005
76006
76007
76008
76009
76010
76011
76012
76013
76014
76015
76016
76017
76018
76019
76020
76021
76022
76023
76025
76026
76027
76028
76029
76030
76031
76032
76033
76034
76035
76036
76037
76038
76039
76040
76041
76042
76043
76044
76045
76046
76047
76048
76049
76050
76051
76052
76053
76054
76056
76057
76058
76059
76060
76061
76062
76063
76064
76065
76066
76101
76102
76103
76104
76105
76107
76108
76109
76110
76111
76112
76113
76114
76115
76116
76117
76118
76119
76120
76121
76122
76123
76124
76125
76126
76127
76128
76129
76130
76131
76132
76133
76134
76135
76136
76137
76138
76139
76140
76141
76142
76143
76144
76145
76146
76147
76148
76149
76150
76151
76152
76153
76154
76155
76156
76157
76158
76159
76160
76161
76162
76163
76164
76165
76166
76167
76168
76169
76170
76171
76172
76173
76174
76175
76176
76177
76179
76180
76181
76182
76183
76184
76185
76186
76187
76188
76189
76192
76195
76197
76198
76199
76200
76201
76202
76203
76204
76205
76211
76212
76213
76225
76226
76227
76228
76229
76231
76232
76233
76234
76235
76236
76237
76238
76239
76240
76242
76246
76247
76253
76254
76256
76257
76258
76259
76260
76264
76265
76268
76269
76270
76272
76273
76274
76275
76276
76277
76278
76279
76280
76281
76282
76283
76284
76286
76287
76288
76290
76291
76292
76293
76294
76295
76296
76297
76298
76299
76300
76317
76318
76319
76320
76321
76322
76323
76324
76325
76326
76327
76328
76329
76330
76331
76332
76333
76334
76335
76336
76337
76338
76339
76340
76341
76342
76343
76344
76345
76346
76347
76348
76349
76350
76351
76352
76353
76354
76355
76356
76357
76358
76359
76360
76361
76362
76363
76364
76365
76366
76440
76441
76442
76443
76444
76445
76446
76447
76448
76895
76896
76897
76898
76899
76900
76901
76902
76903
76904
76905
76906
76907
76908
76909
76910
76911
76912
76913
76914
76915
76916
76917
76918
76919
76920
76921
76929
76930
76931
76932
76933
76934
76935
76936
76937
76938
76939
76940
76941
76942
76943
76944
76945
76946
76947
76948
76949
76950
76951
76952
76953
76954
76955
76956
76957
76958
76959
76960
76961
76962
76963
76964
76965
76966
76967
76968
76969
76970
76971
76972
76973
76974
76975
76976
76977
76978
76979
76980
76981
76982
76983
76984
76985
76986
77012
77013
77014
77015
77016
77017
77901
80047
80049
80054
80055
80058
80059
